100000000
110011100
100000001
100100101
001000010
110011010
010110100
110011111
110000110
110001001
110010000
010111000
110011111
110010100
100011111
100100011
001100110
100000000
110011010
110010101
110110011
000011010
110001101
110100111
101011101
110001001
100100001
000010000
110010101
100100001
001101010
110011011
100100001
000110100
110011011
100100100
101011001
110001001
110110001
101100000
110001011
100100001
000010100
110011101
100100001
000111000
100000001
100100101
001000010
110111101
101010101
100000001
100100101
001000010
100100001
000110100
110001001
110011110
011110100
100010001
100100001
001110110
110001011
110011110
011110100
100000001
110011100
100000000
010000000
110011111
110010100
100000000
110001000
010111000
110011111
110001110
100000000
110011010
100011111
100100011
001000110
110010101
000011010
110001101
110100111
101101101
110001001
100100001
000010000
110010101
100100001
001101010
110001111
100100111
001101101
110010101
110110111
000101011
110001111
100100001
001011110
110011011
100100001
000110100
110011011
100101000
101101001
110011101
100100001
000111000
100000001
100100101
001000010
110111101
101100101
100000000
110011010
110010101
110110011
000011010
110001101
110100111
101110101
110001001
100100001
000010000
110010101
100100001
001101010
110011011
100100001
000110100
110011011
100100100
101110001
100000001
100100101
001000010
100100011
000110100
110001001
110011110
011110100
111000000
111000000
111000000
111000000
111000000
111000000
111000000
111000000
111000000
111000000
111000000
111000000
111000000
111000000
111000000
111000000
111000000
111000000
111000000
111000000
111000000
111000000
111000000
111000000
111000000
111000000
111000000
111000000
111000000
111000000
111000000
111000000
111000000
111000000
111000000
111000000
111000000
111000000
111000000
111000000
111000000
111000000
111000000
111000000
111000000
111000000
111000000
111000000
111000000
111000000
111000000
111000000
111000000
111000000
111000000
111000000
111000000
111000000
111000000
111000000
111000000
111000000
111000000
111000000
111000000
111000000
111000000
111000000
111000000
111000000
111000000
111000000
111000000
111000000
111000000
111000000
111000000
111000000
111000000
111000000
111000000
111000000
111000000
111000000
111000000
111000000
111000000
111000000
111000000
111000000
111000000
111000000
111000000
111000000
111000000
111000000
111000000
111000000
111000000
111000000
111000000
111000000
111000000
111000000
111000000
111000000
111000000
111000000
111000000
111000000
111000000
111000000
111000000
111000000
111000000
111000000
111000000
111000000
111000000
111000000
111000000
111000000
111000000
111000000
111000000
111000000
111000000
111000000
111000000
111000000
111000000
111000000
111000000
111000000
111000000
111000000
111000000
111000000
111000000
111000000
111000000
111000000
111000000
111000000
111000000
111000000
111000000
111000000
111000000
111000000
111000000
111000000
111000000
111000000
111000000
111000000
111000000