100000000
110011100
010111000
110111111
110111010
110011101
100100001
000111000
110111011
010111000
110011111
110000100
110100110
110000111
100100100
001000001
001000010
110100101
000000011
001000011
110011010
110010100
110010101
100100001
001101010
110000101
100100101
001010010
110000111
100100011
001010101
110001001
110101011
000010111
110001011
100100001
001000001
001010110
110001011
110111011
000010111
110001011
110001110
110000101
110100111
110000100
110100110
100010001
100100011
001000010
100100110
000000111
110000111
000010010
110001001
001000011
100100000
000000111
110000101
001000011
001000000
110011010
110110101
001000000
110010100
110000111
110001000
110001001
100100100
001010010
100011100
100100011
001000110
110001001
000010010
110011011
100100100
001000110
110001001
000010011
110000111
110001010
110001011
100100001
000010110
110001011
100100011
001010110
110001001
110101011
000010011
110000101
110100111
110000100
110100110
100001101
100100011
001000010
100100101
000000111
110000111
000010110
110001011
001000011
110001100
110000101
100100001
001000001
001000010
001000011
110101101
001000000
110011010
110010101
100100001
001000110
110011011
001000000
110010100
110011011
100100010
001110110
110011011
110101001
000010011
110000101
110100111
110000100
110100110
100001011
100100011
001000010
100100011
000000111
110000111
000010110
110001011
001000011
110001100
110000101
100100101
000000010
001000011
110101101
001000000
110011010
110010101
100100001
001000110
110011011
001000000
110010100
110011011
100100001
001110110
110011011
110101001
000010011
110000101
001000111
110000111
001000011
001000100
110010101
001000011
001000000
110011010
110011011
110101001
000010011
110011101
100100001
000111001
100011110
110111101
000110000
110001001
110011110
011110000
110011101
100100001
000111000
100000001
110111001
000110000
110001111
110011110
011110000
110011101
100100001
000111000
100000001
100100101
001000010
110111101
101000101
111000000
111000000
111000000
111000000
111000000
111000000
111000000
111000000
111000000
111000000
111000000
111000000
111000000
111000000
111000000
111000000
111000000
111000000
111000000
111000000
111000000
111000000
111000000
111000000
111000000
111000000
111000000
111000000
111000000
111000000
111000000
111000000
111000000
111000000
111000000
111000000
111000000
111000000
111000000
111000000
111000000
111000000
111000000
111000000
111000000
111000000
111000000
111000000
111000000
111000000
111000000
111000000
111000000
111000000
111000000
111000000
111000000
111000000
111000000
111000000
111000000
111000000
111000000
111000000
111000000
111000000
111000000
111000000
111000000
111000000
111000000
111000000
111000000
111000000
111000000
111000000
111000000
111000000
111000000
111000000
111000000
111000000
111000000
111000000
111000000
111000000
111000000
111000000
111000000
111000000
111000000
111000000
111000000
111000000
111000000
111000000
111000000
111000000
111000000
111000000
111000000
111000000
111000000
111000000