100011110
110011100
010111000
110111111
110101010
110011101
100100001
000111000
110101011
010111000
110011111
110010100
110000100
100100101
001001001
110010101
100100001
001000001
100100100
001100010
110001011
100100100
001000101
110010001
000000011
100100001
001000001
001100010
110001011
100100100
001000010
100100111
001000001
110110001
000100011
110010001
110000110
110000111
100100100
001000001
001000010
110100101
000000011
001000011
110011010
110011011
100100100
001110110
110000101
110100111
100010001
100100011
001000010
100100110
000000111
110000111
000000010
001010011
110000101
001000011
110101001
001000000
100100011
001000010
110111011
000110111
110000101
110100111
100001101
100100011
001000010
100100101
000000111
110000111
000000010
001000011
110001100
110000101
100100001
001000001
001000010
001000011
110101101
001000000
100100010
001000010
110111011
000110111
110000101
110100111
100001011
100100011
001000010
100100011
000000111
110000111
000000010
001000011
110001100
110000101
100100101
000000010
001000011
110101101
001000000
100100001
001000010
110111011
000110111
110001011
100100001
001000001
001000010
001000111
110010101
001000011
001100000
110010001
110111011
000110111
110010101
100100001
000110010
110011001
100100100
001110010
100110000
110001011
000000010
100100001
001000001
110111001
000110011
100100100
110001011
000000010
110111001
000110011
100100010
110001011
000000010
110111001
000110011
100100001
110001011
000000010
110010010
110111001
000110011
110011001
110111011
001000000
100100001
001101101
110001011
110000100
110010101
110000110
110010001
110110011
101001001
110010111
100100000
101010000
100010000
100100011
001100010
100000001
100100001
101010000
100001000
100100011
001100010
110010111
100101000
101001110
000000101
100000001
001000010
110110101
001001100
100000001
100100001
101010000
100000001
110110111
001000010
110101011
001001000
110000111
100100101
001000001
110110001
000100011
110000111
100111110
000000010
100100011
001011010
100011100
100100011
001000110
110000101
000000010
100100100
001000001
110101101
000011011
110000101
100101000
000000010
100100011
001000001
110101101
000011011
110011101
100100001
000111001
110011101
100111110
000011101
110001101
110011110
011011100
110011101
100100001
000111000
100000001
110101111
000011100
110010001
110011110
011011100
110011101
100100001
000111000
100000001
100100110
001000010
100100100
000000001
110111101
101000101
111000000
111000000
111000000
111000000
111000000
111000000
111000000
111000000
111000000
111000000
111000000
111000000
111000000
111000000
111000000
111000000
111000000
111000000
111000000
111000000
111000000
111000000
111000000
111000000
111000000
111000000
111000000
111000000
111000000
111000000
111000000
111000000
111000000
111000000
111000000
111000000
111000000
111000000
111000000
111000000
111000000
111000000
111000000
111000000
111000000
111000000
111000000
111000000
111000000
111000000
111000000
111000000
111000000
111000000
111000000
111000000
111000000